[gd_scene load_steps=5 format=3 uid="uid://5oj8a5c4475f"]

[ext_resource type="PackedScene" uid="uid://b8yef5j3lcx42" path="res://scenes/main-hub-3D/ground.tscn" id="1_wfdfd"]
[ext_resource type="PackedScene" uid="uid://b4r7qg1lfhdmv" path="res://scenes/main-hub-3D/player.tscn" id="2_yjrxb"]
[ext_resource type="PackedScene" uid="uid://cxeihesgtr4r5" path="res://scenes/main-hub-3D/platform.tscn" id="3_2juox"]
[ext_resource type="Script" path="res://scripts/main-hub-3D/platform.gd" id="3_fu2f4"]

[node name="Node" type="Node"]

[node name="Player" parent="." instance=ExtResource("2_yjrxb")]
transform = Transform3D(0.5, 0, 0.866025, 0, 1, 0, -0.866025, 0, 0.5, 3, 0.5, 0)

[node name="Camera3D" type="Camera3D" parent="Player"]
transform = Transform3D(1, -2.18557e-08, -5.85622e-09, 2.18557e-08, 0.866025, 0.5, -5.85621e-09, -0.5, 0.866025, 0, 3.6, 4.3)

[node name="DirectionalLight3D" type="DirectionalLight3D" parent="."]
transform = Transform3D(0.866025, 0.25, -0.433013, 3.65147e-08, 0.866025, 0.5, 0.5, -0.433013, 0.75, 0, 4.7, -4.1)
shadow_enabled = true

[node name="platform 1" parent="." instance=ExtResource("3_2juox")]
transform = Transform3D(1, 0, 0, 0, 1, 0, 0, 0, 1, -3.4, 0.9, 0)
script = ExtResource("3_fu2f4")

[node name="platform 2" parent="." instance=ExtResource("3_2juox")]
transform = Transform3D(1, 0, 0, 0, 1, 0, 0, 0, 1, -0.2, 2, -0.2)

[node name="Ground" parent="." instance=ExtResource("1_wfdfd")]

[node name="elevated ground" parent="." instance=ExtResource("1_wfdfd")]
transform = Transform3D(1, 0, 0, 0, 1, 0, 0, 0, 1, 0, 1, -11)
